72.22
97.22
91.66
100.0
94.44
100.0
97.22
100.0
100.0
97.22
100.0
100.0
97.22
100.0
97.22
100.0
97.22
100.0
100.0
97.22
100.0
100.0
97.22
97.22
100.0
97.22
100.0
100.0
97.22
100.0
100.0
100.0
97.22
97.22
100.0
97.22
100.0
100.0
100.0
100.0
100.0
97.22
97.22
100.0
100.0
97.22
100.0
97.22
100.0
100.0
97.22
97.22
100.0
100.0
100.0
100.0
97.22
100.0
97.22
100.0
100.0
97.22
100.0
97.22
100.0
100.0
100.0
100.0
100.0
100.0
100.0
97.22
100.0
100.0
100.0
100.0
97.22
100.0
100.0
97.22
97.22
97.22
100.0
100.0
100.0
100.0
100.0
100.0
100.0
100.0
97.22
97.22
100.0
100.0
97.22
100.0
100.0
97.22
100.0
100.0
