58.33
58.33
55.55
58.33
58.33
55.55
61.11
55.55
61.11
58.33
61.11
63.88
63.88
63.88
63.88
63.88
63.88
61.11
61.11
61.11
61.11
61.11
58.33
69.44
69.44
66.66
63.88
63.88
63.88
66.66
58.33
61.11
61.11
58.33
63.88
63.88
72.22
69.44
63.88
69.44
61.11
63.88
61.11
63.88
63.88
61.11
61.11
66.66
66.66
66.66
63.88
66.66
66.66
66.66
66.66
66.66
66.66
66.66
63.88
66.66
63.88
63.88
63.88
63.88
58.33
58.33
58.33
58.33
58.33
58.33
58.33
58.33
58.33
58.33
58.33
58.33
58.33
58.33
58.33
58.33
58.33
58.33
58.33
58.33
55.55
55.55
55.55
55.55
55.55
55.55
55.55
55.55
55.55
55.55
50.0
50.0
50.0
38.88
38.88
38.88
38.88
38.88
38.88
38.88
38.88
38.88
