72.22
72.22
69.44
66.66
77.77
72.22
72.22
75.0
75.0
77.77
75.0
75.0
75.0
75.0
77.77
75.0
75.0
75.0
75.0
75.0
75.0
75.0
77.77
80.55
75.0
80.55
77.77
75.0
80.55
77.77
80.55
72.22
83.33
86.11
88.88
91.66
88.88
86.11
88.88
88.88
86.11
86.11
83.33
83.33
83.33
83.33
83.33
83.33
83.33
83.33
83.33
77.77
75.0
75.0
72.22
75.0
75.0
77.77
75.0
72.22
72.22
72.22
72.22
72.22
72.22
72.22
72.22
72.22
72.22
72.22
72.22
72.22
72.22
72.22
72.22
72.22
72.22
72.22
72.22
72.22
72.22
72.22
72.22
72.22
72.22
69.44
72.22
69.44
69.44
69.44
69.44
66.66
66.66
66.66
66.66
66.66
66.66
38.88
38.88
38.88
38.88
38.88
38.88
38.88
38.88
